34011234
00000000
00000000
00000000
00000000
34025678
00000000
00000000
00000000
00000000
34030015
00000000
00000000
00000000
00000000
3404ffff
00000000
00000000
00000000
00000000
341f0005
00000000
00000000
00000000
00000000
341e0001
00000000
00000000
00000000
00000000
3c05affc
00000000
00000000
00000000
00000000
3c06aaac
00000000
00000000
00000000
00000000
00a63821
00000000
00000000
00000000
00000000
00a14021
00000000
00000000
00000000
00000000
00c24821
00000000
00000000
00000000
00000000
00e35021
00000000
00000000
00000000
00000000
00645821
00000000
00000000
00000000
00000000
00e36023
00000000
00000000
00000000
00000000
00436823
00000000
00000000
00000000
00000000
007f7023
00000000
00000000
00000000
00000000
003f7823
00000000
00000000
00000000
00000000
01ff8021
