3401fc01
40816000
200100e9
200200e9
200300e9
200400e9
200500e9
200600e9
200700e9
200800e9
200900e9
200a00e9
200b00e9
200c00e9
200d00e9
200e00e9
200f00e9
201000e9
201100e9
201200e9
201300e9
201400e9
201500e9
201600e9
201700e9
201800e9
201900e9
201a00e9
201b00e9
201c00e9
201d00e9
201e00e9
201f00e9
21080001
21080001
21080001
00000000
00000000
00000000
00000000
00000000
00000000
00000000
21080001
19000002
21080001
21080001
21080001
00000000
00000000
00000000
00000000
00000000
00000000
00000000
21080001
18000002
21080001
21080001
21080001
00000000
00000000
00000000
00000000
00000000
00000000
00000000
21080001
8c080001
21080001
00000000
00000000
00000000
00000000
00000000
00000000
00000000
20080001
8d080000
21080001
00000000
00000000
00000000
00000000
00000000
00000000
00000000
08000c5a
21080001
21080001
21080001
00000000
00000000
00000000
00000000
00000000
00000000
00000000
20043198
00800008
21080001
21080001
21080001
00000000
00000000
00000000
00000000
00000000
00000000
00000000
18000002
21080001
21080001
21080001
00000000
00000000
00000000
00000000
00000000
00000000
00000000
19000002
21080001
21080001
21080001
00000000
00000000
00000000
00000000
00000000
00000000
00000000
0211001b
08000c88
00009012
21080001
21080001
00000000
00000000
00000000
00000000
00000000
00000000
00000000
0211001b
20043254
00800008
00009012
21080001
21080001
00000000
00000000
00000000
00000000
00000000
00000000
00000000
0211001b
18000002
00009012
21080001
21080001
00000000
00000000
00000000
00000000
00000000
00000000
00000000
0211001b
19000002
00009012
21080001
21080001
00000000
00000000
00000000
00000000
00000000
00000000
00000000
214a0001
1d400002
21080001
21080001
21080001
00000000
00000000
00000000
00000000
00000000
00000000
00000000
214a0001
1c000002
21080001
21080001
21080001
00000000
00000000
00000000
00000000
00000000
00000000
00000000
